 0.0 0.5117612155308481 0.5484838549309773 0.37900879969748097 0.9548511613231464 0.4156979971971179 0.5359591486716059 0.933047000253544 0.14036745541859855 0.6015787500758583 0.7236853223935372 0.7236853223935381 0.44552739260097035 0.10158186722816895 0.16500288771289084 0.059714048824177544 0.5000750759264848 0.9771648588253398 0.28069276429852136 0.7756150785511187 0.6447464596235619 0.8122889827942831 0.37900879969748097 0.6015787500758577 0.44552739260097035 0.500075075926485 0.7937402491975546 0.954851161323146 0.954851161323146 0.5117612155308482 0.5117612155308479 0.7071598658906514 0.4062054747450988 0.2227971446822588 0.6015787500758583 0.7236853223935384 0.6752324191868091 0.6015787500758583 0.17684306114060042 0.9548511613231462 0.9330470002535441 0.014932995630156029 0.2559190287128197 0.6156369057305459 0.41569799719711836 0.44552739260097035 0.7405969584942789 0.4559388199208714 0.812288982794283 0.8909210117611744 0.0 0.0 0.0 2.5073974798691125e-10 0.0 0.0 0.0 3.0360727600971508e-06 0.0 4.297133298219355e-09 4.6397146653295894e-08 0.0 1.1699354901263674e-10 0.0 2.0824838989505387e-07 0.0 0.0 8.144479392568824e-10 0.0 4.605484286484653e-09 0.0 3.2327858872380923e-10 0.0 0.0 0.0 0.0 0.0 0.0 0.0 5.754355360397401e-07 1.082592996109891e-08 4.74813909180793e-08 3.917871494401045e-09 0.0 0.0 0.0 0.0 0.0 9.35526915522343e-10 6.928483882253766e-10 0.0 0.0 8.144479392568795e-10 1.9127974391607667e-06 1.0666778498478512e-10 3.3083321182100587e-10 1.5797195447642455e-10 0.0 4.1299635555615e-05 4.1680286738069497e-10 0.0 0.0 0.0 0.0 0.0 0.0 0.0 0.0 0.0 0.0 0.0 0.0 0.0 0.0 0.0 0.0 0.0 0.0 0.0 0.0 0.0 0.0 0.0 0.0 0.0 0.0 0.0 0.0 0.0 0.0 0.0 0.0 0.0 0.0 0.0 0.0 0.0 0.0 0.0 0.0 0.0 0.0 0.0 0.0 0.0 0.0 0.0 0.0 0.0 0.0
 0.5117612155308481 0.0 0.8122889827942831 0.7756150785511177 0.42541234822630974 0.0639989719788512 0.5484838549309762 0.6598133915689717 0.5484838549309766 0.9330470002535439 0.17684306114059992 0.6156369057305456 0.9548511613231461 0.3455577636088761 0.01393318677751639 0.0021952181484258247 0.07698928305484479 0.5000750759264855 0.041263110602911955 0.19849465755781934 0.3150590912023141 0.26189954172161073 0.24436458177112655 0.48865579096977535 0.3790087996974809 0.8909210117611744 0.5613012481745557 0.44552739260097035 0.5613012481745557 0.7579037987352082 0.8705767046821365 0.34555776360887663 0.04739744399429788 0.01563908202139403 0.9330470002535439 0.8122889827942833 0.23878448204829653 0.9330470002535439 0.5484838549309767 0.6156369057305463 0.5237204458478392 0.21273811233933587 0.500075075926485 0.3455577636088765 0.10638502768055079 0.9548511613231461 0.18953285428552402 0.740596958494278 0.21770954043012858 0.793740249197555 0.0 0.0 0.0 1.417865910993023e-09 0.0 0.0 0.0 2.37232610005929e-05 0.0 1.2725953465721633e-08 8.327434648569395e-07 0.0 5.251124253835797e-10 0.0 2.684945092662088e-07 0.0 0.0 1.385488742748769e-09 0.0 1.495944387167194e-08 0.0 3.308332118210094e-10 0.0 0.0 0.0 0.0 0.0 0.0 0.0 1.3526535805529157e-06 4.8590972638084166e-08 2.1311489869313539e-07 6.664842022906591e-09 0.0 0.0 0.0 0.0 0.0 9.573890291623324e-10 2.4683514374047836e-09 0.0 0.0 1.7455190714461594e-09 1.7168175785440094e-05 2.1828818353527467e-10 3.0868293587383707e-10 1.8569709473272784e-10 0.0 0.00021292642217293387 6.172731870348559e-10 0.0 0.0 0.0 0.0 0.0 0.0 0.0 0.0 0.0 0.0 0.0 0.0 0.0 0.0 0.0 0.0 0.0 0.0 0.0 0.0 0.0 0.0 0.0 0.0 0.0 0.0 0.0 0.0 0.0 0.0 0.0 0.0 0.0 0.0 0.0 0.0 0.0 0.0 0.0 0.0 0.0 0.0 0.0 0.0 0.0 0.0 0.0 0.0 0.0 0.0
 0.5484838549309773 0.8122889827942831 0.0 0.8705767046821367 0.5484838549309768 0.06549454925731273 0.8506969627273498 0.6752324191868099 0.6447464596235626 0.7937402491975546 0.16500288771289084 0.7236853223935383 0.8506969627273498 0.5613012481745552 0.013615020490438907 0.0029641198539202265 0.09478065649739678 0.5359591486716067 0.02917961576018636 0.26801981196544816 0.20313323362490904 0.3224216347495859 0.5484838549309765 0.3790087996974815 0.38786576929617766 0.6015787500758578 0.5484838549309768 0.41569799719711836 0.5000750759264853 0.8122889827942832 0.7756150785511187 0.24436458177112677 0.07698928305484493 0.02211534163027899 0.7937402491975546 0.7937402491975548 0.18520484480067775 0.7937402491975546 0.7405969584942789 0.5744181681372603 0.6447464596235629 0.13716214475778654 0.8122889827942834 0.37035408024995065 0.11941016799036847 0.8506969627273498 0.24436458177112727 0.9548511613231461 0.2227971446822593 0.7756150785511189 0.0 0.0 0.0 1.0423201105586888e-10 0.0 0.0 0.0 4.601411245803404e-06 0.0 1.870772931022605e-09 9.278036216329366e-08 0.0 0.0 0.0 3.768789105956305e-08 0.0 0.0 1.066677849847855e-10 0.0 1.2632065319635924e-09 0.0 0.0 0.0 0.0 0.0 0.0 0.0 0.0 0.0 1.3740507642543282e-07 4.297133298219355e-09 1.973791910877902e-08 5.62793112502254e-10 0.0 0.0 0.0 0.0 0.0 1.1699354901263798e-10 2.182881835352739e-10 0.0 0.0 1.2831887821168065e-10 2.7681112258354135e-06 0.0 0.0 0.0 0.0 4.325243266017067e-05 0.0 0.0 0.0 0.0 0.0 0.0 0.0 0.0 0.0 0.0 0.0 0.0 0.0 0.0 0.0 0.0 0.0 0.0 0.0 0.0 0.0 0.0 0.0 0.0 0.0 0.0 0.0 0.0 0.0 0.0 0.0 0.0 0.0 0.0 0.0 0.0 0.0 0.0 0.0 0.0 0.0 0.0 0.0 0.0 0.0 0.0 0.0 0.0 0.0 0.0 0.0
 0.37900879969748097 0.7756150785511177 0.8705767046821367 0.0 0.3790087996974807 0.04321418067474845 0.7756150785511187 0.5613012481745554 0.8122889827942836 0.7937402491975539 0.09926223094922772 0.7236853223935381 0.8506969627273496 0.5359591486716061 0.0044923608580781415 0.0011234275079937746 0.04321418067474845 0.37035408024995053 0.017553836776706667 0.1768430611406002 0.16885880230204173 0.22279714468225906 0.315059091202314 0.37900879969748097 0.5117612155308479 0.659813391568971 0.5000750759264849 0.30083453911994423 0.3455577636088761 0.9330470002535437 0.8909210117611742 0.1688588023020417 0.04222737875829339 0.009193303223037 0.7937402491975539 0.5484838549309762 0.0969955638921906 0.7937402491975539 0.8122889827942839 0.4559388199208714 0.4254123482263096 0.1984946575578189 0.8122889827942839 0.3224216347495854 0.11401893757939521 0.8506969627273496 0.1768430611406002 0.9548511613231462 0.14036745541859813 0.6156369057305455 0.0 0.0 0.0 1.1517168585792086e-09 0.0 0.0 0.0 3.354723895524513e-05 0.0 1.7995864979828186e-08 9.346995455980632e-07 0.0 2.036731348383831e-10 0.0 2.0824838989505424e-07 0.0 0.0 9.35526915522343e-10 0.0 1.1078918632126122e-08 0.0 1.4739525824841787e-10 0.0 0.0 0.0 0.0 0.0 0.0 0.0 7.592461431121311e-07 3.7687891059562915e-08 1.578322457819522e-07 4.103122720165113e-09 0.0 0.0 0.0 0.0 0.0 9.797620335152247e-10 2.1991061599948112e-09 0.0 0.0 1.0746059600387696e-09 2.0181306079192572e-05 2.036731348383831e-10 2.880156873465397e-10 1.6544144352039254e-10 0.0 0.00020806421726279927 5.01404209202725e-10 0.0 0.0 0.0 0.0 0.0 0.0 0.0 0.0 0.0 0.0 0.0 0.0 0.0 0.0 0.0 0.0 0.0 0.0 0.0 0.0 0.0 0.0 0.0 0.0 0.0 0.0 0.0 0.0 0.0 0.0 0.0 0.0 0.0 0.0 0.0 0.0 0.0 0.0 0.0 0.0 0.0 0.0 0.0 0.0 0.0 0.0 0.0 0.0 0.0 0.0
 0.9548511613231464 0.42541234822630974 0.5484838549309768 0.3790087996974807 0.0 0.4156979971971181 0.6156369057305453 0.8909210117611742 0.1403674554185983 0.5237204458478392 0.659813391568971 0.7579037987352082 0.38786576929617717 0.11141529904318476 0.14364767024812533 0.06549454925731255 0.5000750759264849 0.9330470002535441 0.2333318046904053 0.8506969627273502 0.5117612155308473 0.8506969627273498 0.47749726699716466 0.523720445847839 0.46659354949477005 0.3969297153833742 0.7579037987352083 0.8705767046821367 0.8312711774866159 0.5117612155308479 0.46659354949477 0.5613012481745552 0.4886557909697753 0.24436458177112677 0.5237204458478392 0.6300235831961963 0.535959148671606 0.5237204458478392 0.18520484480067761 0.8705767046821369 0.933047000253544 0.010806789756910745 0.29396493994892714 0.6156369057305456 0.45593881992087143 0.38786576929617717 0.8122889827942835 0.47749726699716466 0.7756150785511187 0.812288982794283 0.0 0.0 0.0 1.1432198480440906e-10 0.0 0.0 0.0 1.9127974391607667e-06 0.0 2.707295318015848e-09 2.3202056635419142e-08 0.0 0.0 0.0 1.196216586410509e-07 0.0 0.0 3.8889666510663454e-10 0.0 2.1991061599948112e-09 0.0 1.4074053351202737e-10 0.0 0.0 0.0 0.0 0.0 0.0 0.0 2.7476889579202465e-07 5.169351969127475e-09 2.2672234396606966e-08 1.8707729310225985e-09 0.0 0.0 0.0 0.0 0.0 5.627931125022519e-10 3.4647621034734704e-10 0.0 0.0 3.713384323117674e-10 1.0987456010203693e-06 0.0 1.9003660749318895e-10 0.0 0.0 2.484498313613534e-05 2.1828818353527622e-10 0.0 0.0 0.0 0.0 0.0 0.0 0.0 0.0 0.0 0.0 0.0 0.0 0.0 0.0 0.0 0.0 0.0 0.0 0.0 0.0 0.0 0.0 0.0 0.0 0.0 0.0 0.0 0.0 0.0 0.0 0.0 0.0 0.0 0.0 0.0 0.0 0.0 0.0 0.0 0.0 0.0 0.0 0.0 0.0 0.0 0.0 0.0 0.0 0.0 0.0
 0.4156979971971179 0.0639989719788512 0.06549454925731273 0.04321418067474845 0.4156979971971181 0.0 0.10158186722816859 0.3224216347495854 0.007297094791202092 0.09478065649739678 0.7579037987352089 0.2177095404301282 0.044224042938564835 0.003327028787951412 0.34555776360887686 0.4156979971971179 0.6910117705199854 0.44552739260096985 0.7756150785511187 0.7071598658906514 0.5117612155308476 0.6752324191868091 0.054443731080081374 0.34555776360887613 0.20313323362490882 0.09478065649739674 0.37900879969748075 0.5237204458478392 0.3790087996974808 0.09261632682565175 0.08843480722695748 0.5117612155308477 0.6156369057305459 0.5878416143901998 0.09478065649739678 0.11401893757939512 0.42541234822630997 0.09478065649739678 0.009627996064117244 0.37900879969748064 0.32242163474958546 0.0002809412256915264 0.02016345794953924 0.42541234822630963 0.7236853223935373 0.05320050079479253 0.7071598658906514 0.054443731080081374 0.7405969584942789 0.22279714468225895 0.0 0.0 0.0 2.005014678268339e-09 0.0 1.0423201105586963e-10 0.0 3.652325308904425e-06 0.0 4.533766125936647e-08 4.039227504008018e-08 2.8353060955220737e-09 1.1786310653493167e-09 0.0 3.329973780884483e-06 0.0 1.1699354901263798e-10 1.7995864979828378e-08 0.0 4.4302369363979915e-08 0.0 1.495944387167199e-08 0.0 0.0 2.50739747986913e-10 0.0 0.0 0.0 0.0 4.0058814392588534e-06 6.561054846468137e-08 2.2840746354173414e-07 7.892797229305774e-08 0.0 1.2831887821168065e-10 1.1972754439130806e-10 0.0 0.0 3.5986326546044256e-08 8.017650802061998e-09 2.1828818353527467e-10 0.0 1.566678083204355e-08 2.1971612942011423e-06 2.707295318015848e-09 1.5309027679991377e-08 6.664842022906568e-09 5.759448954998152e-10 5.706849963326523e-05 1.272595346572168e-08 0.0 0.0 0.0 0.0 0.0 0.0 0.0 0.0 0.0 0.0 0.0 0.0 0.0 0.0 0.0 0.0 0.0 0.0 0.0 0.0 0.0 0.0 0.0 0.0 0.0 0.0 0.0 0.0 0.0 0.0 0.0 0.0 0.0 0.0 0.0 0.0 0.0 0.0 0.0 0.0 0.0 0.0 0.0 0.0 0.0 0.0 0.0 0.0 0.0 0.0
 0.5359591486716059 0.5484838549309762 0.8506969627273498 0.7756150785511187 0.6156369057305453 0.10158186722816859 0.0 0.659813391568971 0.5000750759264855 0.5878416143901996 0.17684306114059947 0.8122889827942831 0.5744181681372595 0.41569799719711853 0.013933186777516352 0.005791997837986902 0.12220063678293973 0.5484838549309766 0.03430083453764297 0.37900879969748097 0.18097566602342258 0.4353537116937486 0.6156369057305459 0.40620547474509855 0.500075075926485 0.42541234822630947 0.6156369057305453 0.40620547474509794 0.42541234822630913 0.7937402491975546 0.6598133915689713 0.217709540430128 0.12505631539987902 0.03430083453764297 0.5878416143901996 0.5613012481745554 0.14364767024812503 0.5878416143901996 0.6015787500758584 0.5359591486716059 0.659813391568971 0.05835047008916706 0.7937402491975555 0.5000750759264847 0.2127381123393362 0.6300235831961962 0.3455577636088765 0.8909210117611747 0.2500750815628796 0.659813391568971 0.0 0.0 0.0 1.5436464259431896e-10 0.0 0.0 0.0 6.213111184197428e-06 0.0 4.605484286484653e-09 9.066170949505874e-08 0.0 0.0 0.0 7.712564090311582e-08 0.0 0.0 1.8145667535878368e-10 0.0 1.870772931022592e-09 0.0 0.0 0.0 0.0 0.0 0.0 0.0 0.0 0.0 1.6915787279640062e-07 5.802256205529007e-09 2.429913433133163e-08 9.573890291623288e-10 0.0 0.0 0.0 0.0 0.0 3.308332118210106e-10 3.8889666510663315e-10 0.0 0.0 2.0843272555177787e-10 3.2539333594900686e-06 0.0 0.0 0.0 0.0 5.32475923917887e-05 1.2831887821168065e-10 0.0 0.0 0.0 0.0 0.0 0.0 0.0 0.0 0.0 0.0 0.0 0.0 0.0 0.0 0.0 0.0 0.0 0.0 0.0 0.0 0.0 0.0 0.0 0.0 0.0 0.0 0.0 0.0 0.0 0.0 0.0 0.0 0.0 0.0 0.0 0.0 0.0 0.0 0.0 0.0 0.0 0.0 0.0 0.0 0.0 0.0 0.0 0.0 0.0 0.0
 0.933047000253544 0.6598133915689717 0.6752324191868099 0.5613012481745554 0.8909210117611742 0.3224216347495854 0.659813391568971 0.0 0.23878448204829653 0.7756150785511189 0.5613012481745551 0.8909210117611742 0.6015787500758578 0.15043985499171544 0.08062961660763968 0.029179615760186243 0.3224216347495854 0.9117407402801612 0.19849465755781898 0.6598133915689717 0.6300235831961958 0.7236853223935379 0.3536330236274306 0.7071598658906523 0.6300235831961962 0.6752324191868097 0.8909210117611743 0.8909210117611742 0.8909210117611742 0.7236853223935384 0.7236853223935381 0.6300235831961958 0.2872522090447928 0.12505631539987896 0.7756150785511189 0.740596958494279 0.5000750759264851 0.7756150785511189 0.2742831053990596 0.97716485882534 0.8705767046821369 0.030559334210529563 0.3618969925428318 0.6598133915689715 0.42541234822630997 0.6015787500758578 0.6598133915689717 0.6156369057305455 0.6598133915689713 0.9548511613231462 0.0 0.0 0.0 1.1254172415203203e-09 0.0 0.0 0.0 1.2424356828195174e-05 0.0 1.758492686245375e-08 2.392073998477708e-07 1.0423201105586925e-10 4.365108241614612e-10 0.0 5.622953843373584e-07 0.0 0.0 2.7705614805574626e-09 0.0 1.7183372575003484e-08 0.0 8.728905821845697e-10 0.0 0.0 0.0 0.0 0.0 0.0 0.0 1.6272109718067228e-06 4.230216883656335e-08 1.7715627277658358e-07 1.2151391445688621e-08 0.0 0.0 0.0 0.0 0.0 3.0387602068830663e-09 2.8353060955220737e-09 0.0 0.0 2.7705614805574527e-09 7.82763780780764e-06 4.1680286738069347e-10 1.0746059600387696e-09 5.373836570574396e-10 0.0 0.00012809201090891804 1.417865910993028e-09 0.0 0.0 0.0 0.0 0.0 0.0 0.0 0.0 0.0 0.0 0.0 0.0 0.0 0.0 0.0 0.0 0.0 0.0 0.0 0.0 0.0 0.0 0.0 0.0 0.0 0.0 0.0 0.0 0.0 0.0 0.0 0.0 0.0 0.0 0.0 0.0 0.0 0.0 0.0 0.0 0.0 0.0 0.0 0.0 0.0 0.0 0.0 0.0 0.0 0.0
 0.14036745541859855 0.5484838549309766 0.6447464596235626 0.8122889827942836 0.1403674554185983 0.007297094791202092 0.5000750759264855 0.23878448204829653 0.0 0.4886557909697748 0.02211534163027895 0.35363302362743115 0.659813391568972 0.7579037987352085 0.0006021112507786119 9.935009510289105e-05 0.008778236258912726 0.13716214475778704 0.0024639874011797348 0.0473974439942979 0.04525750444170401 0.06549454925731275 0.20313323362490915 0.14700453966468463 0.21770954043012877 0.3878657692961776 0.20313323362490923 0.09699556389219073 0.12797872771459537 0.6015787500758576 0.57441816813726 0.049638567678567495 0.007820715129269167 0.0012321786867268549 0.4886557909697748 0.32242163474958574 0.025996732795867547 0.4886557909697748 0.9548511613231463 0.17684306114060042 0.18097566602342313 0.40620547474509855 0.7937402491975544 0.1194101679903683 0.025403093732394015 0.659813391568972 0.045257504441704136 0.7405969584942791 0.034300834537643085 0.3008345391199449 0.0 0.0 0.0 2.687321731046515e-10 0.0 0.0 0.0 1.7168175785440094e-05 0.0 4.009427333593187e-09 5.754355360397401e-07 0.0 0.0 0.0 3.061345869243424e-08 0.0 0.0 1.0916047995525823e-10 0.0 2.0518694058222634e-09 0.0 0.0 0.0 0.0 0.0 0.0 0.0 0.0 0.0 1.4061606410059547e-07 8.793783635903222e-09 3.8568610730504495e-08 5.251124253835815e-10 0.0 0.0 0.0 0.0 0.0 1.0423201105586999e-10 4.2654303786746697e-10 0.0 0.0 1.4402946671784078e-10 1.0328009730087648e-05 0.0 0.0 0.0 0.0 9.269830821065714e-05 0.0 0.0 0.0 0.0 0.0 0.0 0.0 0.0 0.0 0.0 0.0 0.0 0.0 0.0 0.0 0.0 0.0 0.0 0.0 0.0 0.0 0.0 0.0 0.0 0.0 0.0 0.0 0.0 0.0 0.0 0.0 0.0 0.0 0.0 0.0 0.0 0.0 0.0 0.0 0.0 0.0 0.0 0.0 0.0 0.0 0.0 0.0 0.0 0.0 0.0 0.0
 0.6015787500758583 0.9330470002535439 0.7937402491975546 0.7937402491975539 0.5237204458478392 0.09478065649739678 0.5878416143901996 0.7756150785511189 0.4886557909697748 0.0 0.2387844820482963 0.7579037987352085 0.9330470002535437 0.2939649399489265 0.01881345395455609 0.003734370100189399 0.09478065649739678 0.5613012481745561 0.06110949271749368 0.26801981196544805 0.40620547474509866 0.3224216347495857 0.2500750815628796 0.5237204458478396 0.5359591486716061 0.9117407402801612 0.6300235831961964 0.5484838549309768 0.6300235831961964 0.8506969627273496 0.9330470002535437 0.37035408024995053 0.08062961660763986 0.02540309373239397 1.0 0.7579037987352086 0.2680198119654479 1.0 0.4886557909697749 0.7236853223935387 0.5613012481745557 0.13096943321154594 0.4886557909697749 0.3703540802499506 0.16500288771289115 0.8506969627273496 0.28069276429852213 0.7579037987352079 0.29396493994892703 0.8506969627273502 0.0 0.0 0.0 1.914490594014478e-09 0.0 0.0 0.0 2.7886852827751602e-05 0.0 1.8846774983120103e-08 8.924989466025294e-07 0.0 7.776765606366747e-10 0.0 3.9763272857893923e-07 0.0 0.0 2.7072953180158574e-09 0.0 2.3202056635419308e-08 0.0 5.627931125022519e-10 0.0 0.0 0.0 0.0 0.0 0.0 0.0 1.912797439160777e-06 6.871285402613322e-08 3.0136735549142373e-07 1.0825929961098987e-08 0.0 0.0 0.0 0.0 0.0 1.870772931022605e-09 3.655558245229765e-09 0.0 0.0 2.835306095522084e-09 1.92701435467349e-05 3.8889666510663454e-10 6.61567088117871e-10 3.628588667863512e-10 0.0 0.0002179022508329816 1.099718179929815e-09 0.0 0.0 0.0 0.0 0.0 0.0 0.0 0.0 0.0 0.0 0.0 0.0 0.0 0.0 0.0 0.0 0.0 0.0 0.0 0.0 0.0 0.0 0.0 0.0 0.0 0.0 0.0 0.0 0.0 0.0 0.0 0.0 0.0 0.0 0.0 0.0 0.0 0.0 0.0 0.0 0.0 0.0 0.0 0.0 0.0 0.0 0.0 0.0 0.0 0.0
 0.7236853223935372 0.17684306114059992 0.16500288771289084 0.09926223094922772 0.659813391568971 0.7579037987352089 0.17684306114059947 0.5613012481745551 0.02211534163027895 0.2387844820482963 0.0 0.3455577636088759 0.13403002781842316 0.013304119575443772 0.4559388199208718 0.23878448204829625 0.7579037987352089 0.7071598658906513 0.7071598658906525 0.7756150785511179 0.7405969584942786 0.7405969584942781 0.1250563153998788 0.4156979971971176 0.2443645817711264 0.21770954043012825 0.5000750759264846 0.8312711774866159 0.7236853223935377 0.17684306114059992 0.18520484480067723 0.7405969584942786 0.6156369057305463 0.535959148671606 0.2387844820482963 0.3150590912023139 0.8122889827942833 0.2387844820482963 0.02917961576018631 0.6598133915689706 0.5613012481745552 0.0014822824610043561 0.05079855996688066 0.42541234822630947 0.5000750759264848 0.13403002781842316 0.7756150785511179 0.1250563153998788 0.9771648588253395 0.4665935494947696 0.0 0.0 0.0 3.4647621034734704e-10 0.0 0.0 0.0 1.449716445350927e-06 0.0 5.41377774727137e-09 1.928720093943603e-08 1.7731308655988076e-10 2.947462597997716e-10 0.0 4.783429756113979e-07 0.0 0.0 2.585064078452149e-09 0.0 8.396754517166671e-09 0.0 1.6286513334981965e-09 0.0 0.0 0.0 0.0 0.0 0.0 0.0 1.0987456010203731e-06 1.495944387167194e-08 6.264830839654913e-08 1.1337819337306303e-08 0.0 0.0 0.0 0.0 0.0 2.969369688562952e-09 1.1517168585792128e-09 0.0 0.0 2.250496566811037e-09 9.565423246203056e-07 2.687321731046515e-10 1.2632065319635835e-09 5.499416523261328e-10 0.0 2.4844983136135295e-05 1.263206531963588e-09 0.0 0.0 0.0 0.0 0.0 0.0 0.0 0.0 0.0 0.0 0.0 0.0 0.0 0.0 0.0 0.0 0.0 0.0 0.0 0.0 0.0 0.0 0.0 0.0 0.0 0.0 0.0 0.0 0.0 0.0 0.0 0.0 0.0 0.0 0.0 0.0 0.0 0.0 0.0 0.0 0.0 0.0 0.0 0.0 0.0 0.0 0.0 0.0 0.0 0.0
 0.7236853223935381 0.6156369057305456 0.7236853223935383 0.7236853223935381 0.7579037987352082 0.2177095404301282 0.8122889827942831 0.8909210117611742 0.35363302362743115 0.7579037987352085 0.3455577636088759 0.0 0.6156369057305459 0.2127381123393362 0.029861507499628497 0.013615020490438834 0.18097566602342277 0.7071598658906522 0.10158186722816871 0.5359591486716061 0.42541234822630913 0.5878416143901999 0.3618969925428312 0.6300235831961963 0.8122889827942834 0.6300235831961962 0.831271177486616 0.659813391568971 0.6300235831961958 0.8909210117611748 0.8122889827942834 0.38786576929617667 0.2127381123393362 0.06702507633772692 0.7579037987352085 0.5744181681372595 0.2559190287128188 0.7579037987352085 0.3878657692961778 0.7937402491975548 0.7071598658906519 0.039400129078995844 0.5117612155308483 0.6156369057305456 0.4156979971971185 0.6156369057305459 0.5613012481745557 0.7579037987352085 0.44552739260097 0.812288982794283 0.0 0.0 0.0 2.005014678268339e-09 0.0 0.0 0.0 2.7886852827751602e-05 0.0 3.9469911737174385e-08 5.369084007411706e-07 1.4074053351202686e-10 4.899545733000102e-10 0.0 7.592461431121338e-07 0.0 0.0 3.917871494401073e-09 0.0 2.665136398738212e-08 0.0 8.932889617355669e-10 0.0 0.0 0.0 0.0 0.0 0.0 0.0 1.9127974391607667e-06 6.871285402613322e-08 2.7476889579202465e-07 1.566678083204355e-08 0.0 0.0 0.0 0.0 0.0 5.169351969127493e-09 5.051309087130942e-09 0.0 0.0 3.740984146343702e-09 1.6018714916430443e-05 7.425653670577217e-10 1.7455190714461594e-09 8.728905821845666e-10 0.0 0.0002080642172628 2.199106159994819e-09 0.0 0.0 0.0 0.0 0.0 0.0 0.0 0.0 0.0 0.0 0.0 0.0 0.0 0.0 0.0 0.0 0.0 0.0 0.0 0.0 0.0 0.0 0.0 0.0 0.0 0.0 0.0 0.0 0.0 0.0 0.0 0.0 0.0 0.0 0.0 0.0 0.0 0.0 0.0 0.0 0.0 0.0 0.0 0.0 0.0 0.0 0.0 0.0 0.0 0.0
 0.44552739260097035 0.9548511613231461 0.8506969627273498 0.8506969627273496 0.38786576929617717 0.044224042938564835 0.5744181681372595 0.6015787500758578 0.659813391568972 0.9330470002535437 0.13403002781842316 0.6156369057305459 0.0 0.4559388199208714 0.008778236258912726 0.0013205965898738436 0.05320050079479253 0.41569799719711836 0.0259967327958675 0.1650028877128911 0.23878448204829605 0.20788020751083666 0.26801981196544766 0.3703540802499506 0.37900879969748097 0.8122889827942831 0.4665935494947701 0.37035408024995026 0.46659354949477 0.7937402491975545 0.8705767046821368 0.23878448204829605 0.041263110602911934 0.011317774114591518 0.9330470002535437 0.7405969584942786 0.17280482487369525 0.9330470002535437 0.659813391568972 0.5359591486716061 0.4559388199208713 0.23333180469040524 0.6015787500758583 0.2618995417216107 0.08444207838204912 0.9117407402801612 0.1650028877128911 0.8122889827942831 0.17280482487369525 0.7236853223935381 0.0 0.0 0.0 6.172731870348494e-10 0.0 0.0 0.0 1.565292529987709e-05 0.0 6.076607999815161e-09 5.24648021612385e-07 0.0 2.0843272555177787e-10 0.0 1.1161262976038619e-07 0.0 0.0 6.031776666655805e-10 0.0 6.8205911855226195e-09 0.0 1.0916047995525746e-10 0.0 0.0 0.0 0.0 0.0 0.0 0.0 6.167272772790359e-07 2.3202056635419225e-08 1.0657344914503474e-07 2.6454738472274593e-09 0.0 0.0 0.0 0.0 0.0 3.979847019612767e-10 1.0746059600387696e-09 0.0 0.0 6.928483882253766e-10 1.0816355625285106e-05 0.0 1.283188782116802e-10 0.0 0.0 0.00012230880537259753 2.4501407044353316e-10 0.0 0.0 0.0 0.0 0.0 0.0 0.0 0.0 0.0 0.0 0.0 0.0 0.0 0.0 0.0 0.0 0.0 0.0 0.0 0.0 0.0 0.0 0.0 0.0 0.0 0.0 0.0 0.0 0.0 0.0 0.0 0.0 0.0 0.0 0.0 0.0 0.0 0.0 0.0 0.0 0.0 0.0 0.0 0.0 0.0 0.0 0.0 0.0 0.0 0.0
 0.10158186722816895 0.3455577636088761 0.5613012481745552 0.5359591486716061 0.11141529904318476 0.003327028787951412 0.41569799719711853 0.15043985499171544 0.7579037987352085 0.2939649399489265 0.013304119575443772 0.2127381123393362 0.4559388199208714 0.0 0.0005241840285548823 6.555252320253831e-05 0.006967639435664387 0.09478065649739682 0.000978029817858488 0.0327521916926216 0.017964048357007337 0.041263110602911914 0.33766690329286797 0.05571601412839275 0.08641538591917625 0.17684306114059992 0.10158186722816881 0.05835047008916703 0.08444207838204894 0.3455577636088763 0.3008345391199446 0.023702280404169735 0.006501135074294964 0.0010242746277893434 0.2939649399489265 0.2806927642985215 0.017964048357007368 0.2939649399489265 0.8705767046821368 0.10638502768055079 0.15043985499171536 0.24436458177112666 0.7937402491975544 0.05701802886707314 0.009627996064117262 0.41569799719711836 0.02851329511488018 0.5878416143902001 0.021610334682025712 0.2078802075108367 0.0 0.0 0.0 0.0 0.0 0.0 0.0 4.069249164945797e-07 0.0 0.0 8.205013442358204e-09 0.0 0.0 0.0 3.8001615485657e-10 0.0 0.0 0.0 0.0 0.0 0.0 0.0 0.0 0.0 0.0 0.0 0.0 0.0 0.0 1.9144905940144713e-09 0.0 3.979847019612725e-10 0.0 0.0 0.0 0.0 0.0 0.0 0.0 0.0 0.0 0.0 0.0 2.23191746866413e-07 0.0 0.0 0.0 0.0 3.0360727600971508e-06 0.0 0.0 0.0 0.0 0.0 0.0 0.0 0.0 0.0 0.0 0.0 0.0 0.0 0.0 0.0 0.0 0.0 0.0 0.0 0.0 0.0 0.0 0.0 0.0 0.0 0.0 0.0 0.0 0.0 0.0 0.0 0.0 0.0 0.0 0.0 0.0 0.0 0.0 0.0 0.0 0.0 0.0 0.0 0.0 0.0 0.0 0.0 0.0 0.0 0.0 0.0
 0.16500288771289084 0.01393318677751639 0.013615020490438907 0.0044923608580781415 0.14364767024812533 0.34555776360887686 0.013933186777516352 0.08062961660763968 0.0006021112507786119 0.01881345395455609 0.4559388199208718 0.029861507499628497 0.008778236258912726 0.0005241840285548823 0.0 0.5000750759264848 0.6015787500758584 0.16123502347774032 0.4886557909697749 0.2333318046904052 0.16885880230204223 0.19396200403007036 0.022632149969928357 0.047397443994297725 0.013933186777516364 0.015639082021394045 0.062537546418681 0.1984946575578192 0.17280482487369545 0.009627996064117262 0.010560015187166835 0.2227971446822593 0.33766690329286836 0.6752324191868097 0.01881345395455609 0.05198565984858096 0.44552739260097035 0.01881345395455609 0.0010482106663359141 0.11401893757939496 0.12220063678294012 2.4277644438739722e-05 0.0024077219010212136 0.061109492717493594 0.0864153859191761 0.008778236258912726 0.20313323362490887 0.0074676189235601455 0.37035408024995053 0.06702507633772707 0.0 0.0 0.0 0.0 0.0 0.0 0.0 3.572083056627763e-09 0.0 0.0 0.0 0.0 0.0 0.0 5.669760865944184e-09 0.0 0.0 0.0 0.0 0.0 0.0 0.0 0.0 0.0 0.0 0.0 0.0 0.0 0.0 1.1873912706557763e-08 0.0 2.687321731046515e-10 0.0 0.0 0.0 0.0 0.0 0.0 0.0 0.0 0.0 0.0 0.0 2.4683514374047922e-09 0.0 0.0 0.0 0.0 1.5422812416760765e-07 0.0 0.0 0.0 0.0 0.0 0.0 0.0 0.0 0.0 0.0 0.0 0.0 0.0 0.0 0.0 0.0 0.0 0.0 0.0 0.0 0.0 0.0 0.0 0.0 0.0 0.0 0.0 0.0 0.0 0.0 0.0 0.0 0.0 0.0 0.0 0.0 0.0 0.0 0.0 0.0 0.0 0.0 0.0 0.0 0.0 0.0 0.0 0.0 0.0 0.0 0.0
 0.059714048824177544 0.0021952181484258247 0.0029641198539202265 0.0011234275079937746 0.06549454925731255 0.4156979971971179 0.005791997837986902 0.029179615760186243 9.935009510289105e-05 0.003734370100189399 0.23878448204829625 0.013615020490438834 0.0013205965898738436 6.555252320253831e-05 0.5000750759264848 0.0 0.4156979971971179 0.063998971978851 0.3878657692961767 0.18520484480067698 0.06702507633772692 0.14036745541859794 0.007130464601480089 0.023702280404169693 0.00962799606411721 0.003104274230355241 0.031273468273577916 0.0787884279295454 0.04963856767856741 0.0031768173019309457 0.0027656631380922328 0.08062961660763954 0.3703540802499501 0.7405969584942786 0.003734370100189399 0.008577783994675925 0.1166834199466181 0.003734370100189399 0.00018113586062691632 0.0394001290789957 0.04422404293856479 1.2051074965485726e-06 0.0006021112507786097 0.04422404293856479 0.13096943321154578 0.0015886471534676846 0.16885880230204153 0.001955765973832024 0.20313323362490882 0.017553836776706636 0.0 0.0 0.0 0.0 0.0 0.0 0.0 5.41377774727137e-09 0.0 1.1699354901263756e-10 0.0 0.0 0.0 0.0 3.132885757807007e-08 0.0 0.0 0.0 0.0 1.2538869851234247e-10 0.0 1.5436464259431842e-10 0.0 0.0 0.0 0.0 0.0 0.0 0.0 2.3744260168453642e-08 1.4074053351202686e-10 5.373836570574396e-10 4.678336933111031e-10 0.0 0.0 0.0 0.0 0.0 2.6873217310465344e-10 0.0 0.0 0.0 0.0 2.9693696885629413e-09 0.0 1.1972754439130765e-10 0.0 0.0 1.8553286622293628e-07 0.0 0.0 0.0 0.0 0.0 0.0 0.0 0.0 0.0 0.0 0.0 0.0 0.0 0.0 0.0 0.0 0.0 0.0 0.0 0.0 0.0 0.0 0.0 0.0 0.0 0.0 0.0 0.0 0.0 0.0 0.0 0.0 0.0 0.0 0.0 0.0 0.0 0.0 0.0 0.0 0.0 0.0 0.0 0.0 0.0 0.0 0.0 0.0 0.0 0.0 0.0
 0.5000750759264848 0.07698928305484479 0.09478065649739678 0.04321418067474845 0.5000750759264849 0.6910117705199854 0.12220063678293973 0.3224216347495854 0.008778236258912726 0.09478065649739678 0.7579037987352089 0.18097566602342277 0.05320050079479253 0.006967639435664387 0.6015787500758584 0.4156979971971179 0.0 0.5359591486716055 0.5359591486716061 0.7071598658906514 0.35363302362743093 0.6752324191868091 0.13716214475778643 0.23878448204829608 0.0969955638921906 0.07878842792954546 0.3150590912023139 0.5237204458478392 0.45593881992087126 0.07698928305484479 0.07351330633435485 0.5117612155308477 0.6156369057305459 0.707159865890652 0.09478065649739678 0.19849465755781906 0.615636905730546 0.09478065649739678 0.013933186777516378 0.37900879969748064 0.46659354949477 0.0004065650364828358 0.02917961576018636 0.35363302362743076 0.3455577636088763 0.06399897197885114 0.5878416143901993 0.06549454925731255 0.7405969584942789 0.2680198119654474 0.0 0.0 0.0 0.0 0.0 0.0 0.0 1.312013967965209e-07 0.0 5.373836570574453e-10 1.0026578674687539e-09 0.0 0.0 0.0 6.871285402613322e-08 0.0 0.0 1.4739525824841944e-10 0.0 5.251124253835815e-10 0.0 1.4739525824841787e-10 0.0 0.0 0.0 0.0 0.0 0.0 0.0 9.943803703144829e-08 9.355269155223362e-10 3.9178714944010315e-09 9.355269155223463e-10 0.0 0.0 0.0 0.0 0.0 2.9474625979977264e-10 0.0 0.0 0.0 1.5436464259431896e-10 7.892797229305774e-08 0.0 1.0423201105586888e-10 0.0 0.0 3.568923944859814e-06 1.0423201105586963e-10 0.0 0.0 0.0 0.0 0.0 0.0 0.0 0.0 0.0 0.0 0.0 0.0 0.0 0.0 0.0 0.0 0.0 0.0 0.0 0.0 0.0 0.0 0.0 0.0 0.0 0.0 0.0 0.0 0.0 0.0 0.0 0.0 0.0 0.0 0.0 0.0 0.0 0.0 0.0 0.0 0.0 0.0 0.0 0.0 0.0 0.0 0.0 0.0 0.0 0.0
 0.9771648588253398 0.5000750759264855 0.5359591486716067 0.37035408024995053 0.9330470002535441 0.44552739260096985 0.5484838549309766 0.9117407402801612 0.13716214475778704 0.5613012481745561 0.7071598658906513 0.7071598658906522 0.41569799719711836 0.09478065649739682 0.16123502347774032 0.063998971978851 0.5359591486716055 0.0 0.28725220904479215 0.7937402491975548 0.6300235831961956 0.8705767046821367 0.37035408024995053 0.6752324191868094 0.43535371169374887 0.48865579096977485 0.8506969627273498 0.9330470002535437 0.9330470002535437 0.5000750759264856 0.5000750759264851 0.7579037987352077 0.3790087996974812 0.21770954043012825 0.5613012481745561 0.7071598658906525 0.659813391568971 0.5613012481745561 0.17280482487369575 0.9330470002535439 0.9548511613231465 0.015281961375593409 0.2500750815628805 0.723685322393538 0.44552739260097035 0.4559388199208714 0.7236853223935381 0.44552739260097035 0.7937402491975544 0.8705767046821369 0.0 0.0 0.0 4.072851150620522e-10 0.0 0.0 0.0 4.2933329598297965e-06 0.0 7.310018877579809e-09 6.56105484646809e-08 0.0 1.6544144352039314e-10 0.0 3.3826495448309114e-07 0.0 0.0 1.151716858579217e-09 0.0 6.8205911855226195e-09 0.0 5.251124253835797e-10 0.0 0.0 0.0 0.0 0.0 0.0 0.0 8.137276502746557e-07 1.6032894235345962e-08 6.714378630393218e-08 6.076607999815161e-09 0.0 0.0 0.0 0.0 0.0 1.5196082411794267e-09 1.1254172415203163e-09 0.0 0.0 1.2632065319635835e-09 2.7049010152062908e-06 1.7326411719617113e-10 5.131214090173738e-10 2.565992275738693e-10 0.0 6.116358513317922e-05 6.770270974676167e-10 0.0 0.0 0.0 0.0 0.0 0.0 0.0 0.0 0.0 0.0 0.0 0.0 0.0 0.0 0.0 0.0 0.0 0.0 0.0 0.0 0.0 0.0 0.0 0.0 0.0 0.0 0.0 0.0 0.0 0.0 0.0 0.0 0.0 0.0 0.0 0.0 0.0 0.0 0.0 0.0 0.0 0.0 0.0 0.0 0.0 0.0 0.0 0.0 0.0 0.0
 0.28069276429852136 0.041263110602911955 0.02917961576018636 0.017553836776706667 0.2333318046904053 0.7756150785511187 0.03430083453764297 0.19849465755781898 0.0024639874011797348 0.06110949271749368 0.7071598658906525 0.10158186722816871 0.0259967327958675 0.000978029817858488 0.4886557909697749 0.3878657692961767 0.5359591486716061 0.28725220904479215 0.0 0.3969297153833738 0.5484838549309768 0.3790087996974804 0.01755383677670665 0.22279714468225875 0.09478065649739661 0.07019426592606307 0.21273811233933612 0.40620547474509866 0.3078646723763491 0.041263110602911934 0.047397443994297746 0.5000750759264854 0.379008799697481 0.5000750759264847 0.06110949271749368 0.07698928305484479 0.5000750759264851 0.06110949271749368 0.0031042742303552607 0.26801981196544733 0.180975666023423 0.000137283556856311 0.005927349705299022 0.20788020751083666 0.3878657692961767 0.028513295114880113 0.4156979971971177 0.021116859638729963 0.6015787500758576 0.1436476702481251 0.0 0.0 0.0 2.4683514374047922e-09 0.0 1.343862618691985e-10 0.0 2.1469888058645677e-06 0.0 2.9231296584588895e-08 3.2810200005053655e-08 4.009427333593187e-09 3.4905140357420563e-09 0.0 3.568923944859802e-06 0.0 1.0916047995525785e-10 3.2060974455969644e-08 0.0 6.264830839654935e-08 0.0 3.357693403393083e-08 0.0 0.0 8.144479392568824e-10 1.0423201105586963e-10 0.0 0.0 0.0 6.506889697435014e-06 8.459163608222311e-08 3.0840994001124906e-07 1.282053943783595e-07 0.0 0.0 1.5436464259432004e-10 0.0 0.0 3.682728274664297e-08 8.999283546150361e-09 2.450140704435323e-10 0.0 2.6651363987382215e-08 1.5537442861474148e-06 3.182443850905744e-09 1.8846774983120103e-08 8.205013442358234e-09 1.4178659109930381e-09 4.0356552547240585e-05 1.6407563258690496e-08 0.0 0.0 0.0 0.0 0.0 0.0 0.0 0.0 0.0 0.0 0.0 0.0 0.0 0.0 0.0 0.0 0.0 0.0 0.0 0.0 0.0 0.0 0.0 0.0 0.0 0.0 0.0 0.0 0.0 0.0 0.0 0.0 0.0 0.0 0.0 0.0 0.0 0.0 0.0 0.0 0.0 0.0 0.0 0.0 0.0 0.0 0.0 0.0 0.0 0.0
 0.7756150785511187 0.19849465755781934 0.26801981196544816 0.1768430611406002 0.8506969627273502 0.7071598658906514 0.37900879969748097 0.6598133915689717 0.0473974439942979 0.26801981196544805 0.7756150785511179 0.5359591486716061 0.1650028877128911 0.0327521916926216 0.2333318046904052 0.18520484480067698 0.7071598658906514 0.7937402491975548 0.3969297153833738 0.0 0.5000750759264847 0.9548511613231464 0.2806927642985218 0.4665935494947702 0.3790087996974812 0.2127381123393364 0.6447464596235628 0.7756150785511186 0.6447464596235626 0.28725220904479315 0.2500750815628801 0.5484838549309762 0.723685322393538 0.4559388199208707 0.26801981196544805 0.33766690329286836 0.5000750759264849 0.26801981196544805 0.06549454925731286 0.6752324191868097 0.7236853223935384 0.0021952181484258325 0.12505631539987952 0.6300235831961964 0.6752324191868097 0.18097566602342322 0.9548511613231463 0.23333180469040557 0.8705767046821369 0.5237204458478392 0.0 0.0 0.0 2.0367313483838384e-10 0.0 0.0 0.0 1.7847299127016267e-06 0.0 6.0766079998151826e-09 1.7183372575003544e-08 0.0 0.0 0.0 3.2299268462310137e-07 0.0 0.0 1.0500671812341606e-09 0.0 4.297133298219355e-09 0.0 5.251124253835797e-10 0.0 0.0 0.0 0.0 0.0 0.0 0.0 4.895212627543923e-07 8.396754517166701e-09 3.357693403393071e-08 5.051309087130942e-09 0.0 0.0 0.0 0.0 0.0 2.0998190707439452e-09 7.425653670577217e-10 0.0 0.0 9.573890291623288e-10 9.788955425292107e-07 1.6544144352039373e-10 7.425653670577164e-10 3.2327858872380923e-10 0.0 2.5425579841258106e-05 7.090394030934139e-10 0.0 0.0 0.0 0.0 0.0 0.0 0.0 0.0 0.0 0.0 0.0 0.0 0.0 0.0 0.0 0.0 0.0 0.0 0.0 0.0 0.0 0.0 0.0 0.0 0.0 0.0 0.0 0.0 0.0 0.0 0.0 0.0 0.0 0.0 0.0 0.0 0.0 0.0 0.0 0.0 0.0 0.0 0.0 0.0 0.0 0.0 0.0 0.0 0.0 0.0
 0.6447464596235619 0.3150590912023141 0.20313323362490904 0.16885880230204173 0.5117612155308473 0.5117612155308476 0.18097566602342258 0.6300235831961958 0.04525750444170401 0.40620547474509866 0.7405969584942786 0.42541234822630913 0.23878448204829605 0.017964048357007337 0.16885880230204223 0.06702507633772692 0.35363302362743093 0.6300235831961956 0.5484838549309768 0.5000750759264847 0.0 0.548483854930976 0.06702507633772689 0.6447464596235619 0.3969297153833738 0.46659354949477005 0.6156369057305454 0.8122889827942832 0.7405969584942788 0.2872522090447925 0.34555776360887613 0.8312711774866162 0.261899541721611 0.18097566602342285 0.40620547474509866 0.35363302362743076 0.6598133915689717 0.40620547474509866 0.047397443994297794 0.7405969584942782 0.4559388199208711 0.006352680737077898 0.06253754641868103 0.45593881992087104 0.46659354949476983 0.23878448204829605 0.5484838549309763 0.16885880230204164 0.7236853223935377 0.5484838549309762 0.0 0.0 0.0 1.7995864979828186e-08 0.0 2.947462597997716e-10 0.0 3.433119667808433e-05 0.0 1.4726490347013085e-07 9.56542324620309e-07 4.199007652708183e-09 1.758492686245375e-08 0.0 7.474229051202079e-06 0.0 1.7326411719617175e-10 8.459163608222342e-08 0.0 3.013673554914232e-07 0.0 4.23021688365635e-08 0.0 0.0 5.627931125022519e-10 0.0 0.0 0.0 0.0 2.37232610005929e-05 5.622953843373594e-07 2.14698880586456e-06 3.0840994001124906e-07 0.0 1.9003660749318962e-10 0.0 0.0 0.0 6.411232232794371e-08 4.533766125936663e-08 1.0746059600387696e-09 0.0 7.712564090311636e-08 2.6019744377445648e-05 9.645048474197888e-09 2.991439604134777e-08 1.495944387167194e-08 1.2927261153067931e-09 0.00038820909723902346 3.5986326546044124e-08 0.0 0.0 0.0 0.0 0.0 0.0 0.0 0.0 0.0 0.0 0.0 0.0 0.0 0.0 0.0 0.0 0.0 0.0 0.0 0.0 0.0 0.0 0.0 0.0 0.0 0.0 0.0 0.0 0.0 0.0 0.0 0.0 0.0 0.0 0.0 0.0 0.0 0.0 0.0 0.0 0.0 0.0 0.0 0.0 0.0 0.0 0.0 0.0 0.0 0.0
 0.8122889827942831 0.26189954172161073 0.3224216347495859 0.22279714468225906 0.8506969627273498 0.6752324191868091 0.4353537116937486 0.7236853223935379 0.06549454925731275 0.3224216347495857 0.7405969584942781 0.5878416143901999 0.20788020751083666 0.041263110602911914 0.19396200403007036 0.14036745541859794 0.6752324191868091 0.8705767046821367 0.3790087996974804 0.9548511613231464 0.548483854930976 0.0 0.2806927642985217 0.6156369057305455 0.41569799719711825 0.2806927642985216 0.7756150785511183 0.812288982794283 0.7071598658906517 0.34555776360887686 0.315059091202314 0.6598133915689706 0.548483854930977 0.3455577636088763 0.3224216347495857 0.40620547474509855 0.5237204458478387 0.3224216347495857 0.08641538591917629 0.7405969584942786 0.7937402491975547 0.004191583822686239 0.15043985499171583 0.7937402491975547 0.6752324191868098 0.2500750815628797 0.870576704682137 0.2806927642985217 0.831271177486616 0.6015787500758575 0.0 0.0 0.0 6.172731870348494e-10 0.0 0.0 0.0 4.496337370402814e-06 0.0 1.6032894235346018e-08 5.207773308834407e-08 2.182881835352739e-10 1.9902223005086373e-10 0.0 7.419086502478493e-07 0.0 0.0 2.303087904242065e-09 0.0 1.0825929961098948e-08 0.0 1.2632065319635835e-09 0.0 0.0 0.0 0.0 0.0 0.0 0.0 1.124421934637708e-06 2.2154510723415458e-08 8.459163608222281e-08 1.2151391445688578e-08 0.0 0.0 0.0 0.0 0.0 4.605484286484686e-09 2.051869405822249e-09 0.0 0.0 2.41198628386297e-09 2.582777875633884e-06 4.1680286738069347e-10 1.5551196171812328e-09 7.425653670577138e-10 0.0 6.405562208085328e-05 1.7056598970266247e-09 0.0 0.0 0.0 0.0 0.0 0.0 0.0 0.0 0.0 0.0 0.0 0.0 0.0 0.0 0.0 0.0 0.0 0.0 0.0 0.0 0.0 0.0 0.0 0.0 0.0 0.0 0.0 0.0 0.0 0.0 0.0 0.0 0.0 0.0 0.0 0.0 0.0 0.0 0.0 0.0 0.0 0.0 0.0 0.0 0.0 0.0 0.0 0.0 0.0 0.0
 0.37900879969748097 0.24436458177112655 0.5484838549309765 0.315059091202314 0.47749726699716466 0.054443731080081374 0.6156369057305459 0.3536330236274306 0.20313323362490915 0.2500750815628796 0.1250563153998788 0.3618969925428312 0.26801981196544766 0.33766690329286797 0.022632149969928357 0.007130464601480089 0.13716214475778643 0.37035408024995053 0.01755383677670665 0.2806927642985218 0.06702507633772689 0.2806927642985217 0.0 0.1194101679903682 0.12797872771459526 0.13096943321154603 0.2500750815628795 0.238784482048296 0.2742831053990589 0.29396493994892675 0.22279714468225906 0.10638502768055037 0.13403002781842346 0.04631511666936987 0.2500750815628796 0.4353537116937487 0.12220063678293984 0.2500750815628796 0.3224216347495857 0.28725220904479254 0.5359591486716054 0.015639082021394017 0.5117612155308482 0.20313323362490893 0.07183461960599398 0.26801981196544766 0.2227971446822591 0.47749726699716505 0.17684306114059986 0.387865769296177 0.0 0.0 0.0 0.0 0.0 0.0 0.0 3.2810200005053655e-08 0.0 0.0 2.286096434472475e-10 0.0 0.0 0.0 3.2327858872380923e-10 0.0 0.0 0.0 0.0 0.0 0.0 0.0 0.0 0.0 0.0 0.0 0.0 0.0 0.0 7.425653670577164e-10 0.0 0.0 0.0 0.0 0.0 0.0 0.0 0.0 0.0 0.0 0.0 0.0 0.0 1.566678083204344e-08 0.0 0.0 0.0 0.0 5.1266760997186e-07 0.0 0.0 0.0 0.0 0.0 0.0 0.0 0.0 0.0 0.0 0.0 0.0 0.0 0.0 0.0 0.0 0.0 0.0 0.0 0.0 0.0 0.0 0.0 0.0 0.0 0.0 0.0 0.0 0.0 0.0 0.0 0.0 0.0 0.0 0.0 0.0 0.0 0.0 0.0 0.0 0.0 0.0 0.0 0.0 0.0 0.0 0.0 0.0 0.0 0.0 0.0
